pc_id,name_ru,name_en,craft_group,master_family_ref,workplace_pf_id,inputs,tools,fuel_heat,outputs,waste_traces,skill_level,total_duration_band,step_count,season_constraints,failure_modes,defect_signs,player_feasibility_ru,authenticity_owner,region_id,wk_claim_refs,source_refs,confidence,status,note
pc_bloomery_iron,Кричное железо из болотной руды,bloomery iron from bog ore,metallurgy,iron_bloomery,forest_edge,mt_bog_ore;mt_charcoal;mt_clay_refractory;mt_firewood;mt_fieldstone,tl_ore_basket;tl_bloomery_furnace;tl_bellows;tl_tuyere;tl_smith_tongs;tl_sledgehammer;tl_anvil,"древесный уголь, принудительное дутьё мехами; жар по цвету и поведению шлака, без измерения температуры",mt_bloom_iron,mt_forge_slag;шлаковые лепёшки;обломки обмазки горна;пережжённая руда,specialist,weeks,6,добыча руды — в сухое время года (летом и осенью болото доступнее); плавка — вне сильных дождей; зимой затруднён доступ к болоту,"руда не восстановилась — вышел шлак без железа;крица рыхлая, распадается при проковке;горн прогорел или обвалился;мехи не дали дутья",много стекловидного шлака и мало губчатого металла;крица крошится под молотом;трещины и прогар в стенке горна,"Нужны разведанная болотная руда, уголь в количестве, многократно превышающем руду, построенный горн, мехи и работник, умеющий вести плавку. Одиночная попытка без опыта почти наверняка даёт шлак. В городе этим обычно не занимались: железо привозили сельские металлурги.",,,claim:occupation-smith-iron-input;claim:population-material-wood-pyrolysis;claim:fuel-charcoal-metallurgy-fuel,src:kolchin1953-metallurgy;src:kolchin1959-iron,B,candidate,Соотношения руда/уголь/выход и длительность плавки не приводятся: числа не выписаны из первоисточника.
pc_smith_forging,Кузнечная ковка железного изделия,forging a wrought-iron object,smithing,iron_forging,smithy,mt_bloom_iron;mt_iron;mt_charcoal;mt_water,tl_forge_hearth;tl_bellows;tl_anvil;tl_smith_hammer;tl_sledgehammer;tl_smith_tongs;tl_smith_chisel;tl_punch;tl_quench_tub,древесный уголь в горне с мехами; нагрев до ковочного жара по цвету; остывшую заготовку возвращают в горн,pr:forged_iron_object,mt_forge_slag;обсечки;зола;остатки угля,trained,hours,5,круглый год под крышей; сырой уголь сначала сушат,пережог металла;заковы и расслоения;трещина при гибке остывшей заготовки;недогрев — металл не тянется,"искристый пережжённый край, крупное зерно в изломе;видимые расслоения и складки;трещины на изгибе","Нужны горн, мехи, наковальня, клещи, молот, сухой уголь и железо. Простые вещи (гвоздь, скоба, крюк, дужка) реалистичны для обученного подмастерья за часы. Без горна и мехов железо не куют.",,,claim:mb14-practical-iron-workability-is-qualitative-not-temperature;claim:ordinary-life-smith-anvil-hammer-tongs;claim:ordinary-life-smith-forge-and-bellows;claim:ordinary-life-smith-leaves-scale-ash-offcuts;claim:ordinary-life-smith-needs-iron-and-fuel;claim:macro-b21-wet-charcoal-needs-drying-or-heat-management-before-reliable-hot-forge-work;claim:static-forge-welding-pressure-depends-on-temperature-and-material,src:kolchin1959-iron;src:kolchin1957-city,A,candidate,
pc_welded_steel_edge,Изготовление орудия с наварным стальным лезвием и закалкой,edge tool with welded steel blade and heat treatment,smithing,iron_heat_treatment,smithy,mt_iron;mt_steel;mt_charcoal;mt_water;mt_quartz_sand;mt_wood_birch,tl_forge_hearth;tl_bellows;tl_anvil;tl_smith_hammer;tl_smith_tongs;tl_smith_chisel;tl_quench_tub;tl_grinding_wheel;tl_whetstone;tl_file,горн на угле с мехами; сварочный жар выше ковочного; закалка в воде; отпуск по цветам побежалости,pr:edge_tool,mt_forge_slag;точильная пыль и шлам;обсечки,master,day,7,круглый год,стальная полоса не сварилась с основой;трещина закалки;перекал — лезвие крошится;недокал — лезвие мнётся;пережог стали,видимый шов с чернотой или отслоением на лезвии;волосная трещина после закалки;выкрашивание кромки;кромка заминается о дерево,"Требует мастера: сварку разнородных полос и закалку не выполнить без навыка. Топор, нож, тесло, долото, серп, коса делались так (Колчин). Для оружия — тот же процесс плюс заготовка стали; право носить оружие решает weapons_armour и social-law, а не процесс.",,,claim:occupation-smith-heat-treatment;claim:population-joining-steel-quench;claim:population-joining-steel-temper;claim:harvest-scythe-iron-steel-specimen;claim:casting-firesteel-steel;claim:static-forge-welding-pressure-depends-on-temperature-and-material,src:kolchin1959-iron;src:kolchin1957-city,A,candidate,Колчин 1957: многослойные лезвия из 3 или 5 пластин с высокоуглеродистой сталью в середине.
pc_carburizing,Науглероживание (цементация) железа,carburizing iron into steel,smithing,iron_heat_treatment,smithy,mt_iron;mt_charcoal;mt_salt;mt_clay_refractory,tl_carburizing_pot;tl_forge_hearth;tl_bellows;tl_smith_tongs,длительный нагрев в горне закрытого сосуда с угольной засыпкой,mt_steel,разбитый сосуд;зола,master,day,3,круглый год,сосуд треснул — металл окислился;науглероживание только поверхностное;пережог,окалина вместо светлой поверхности;после закалки кромка мягкая,Мастерская операция; без знания рецептуры и длительного жара результат непредсказуем.,,,claim:population-material-wood-pyrolysis,src:kolchin1959-iron,B,candidate,Уголь и поваренная соль в глиняных сосудах — по конспекту Колчина; длительность не выписана.
pc_nail_forging,Ковка гвоздей в гвоздильне,forging nails with a nail header,smithing,iron_forging,smithy,mt_iron;mt_charcoal,tl_forge_hearth;tl_bellows;tl_anvil;tl_smith_hammer;tl_smith_chisel;tl_nail_header;tl_smith_tongs,"горн, ковочный жар",pr:forged_nail,обсечки;окалина,trained,hours,3,круглый год,стержень застрял в гвоздильне;шляпка кривая или трескается,кривая шляпка;расслоение стержня,Рутинная работа подмастерья при горне и гвоздильне; гвоздочники — отдельная специальность XII в.,,,claim:construction-forged-iron-nail-vessel-joint,src:kolchin1959-iron;src:kolchin1957-city,A,candidate,
pc_iron_repair,Починка и перековка железной вещи,repair and reforging of iron objects,smithing,iron_finishing_repair,smithy,pr:worn_iron_object;mt_iron;mt_charcoal,tl_forge_hearth;tl_bellows;tl_anvil;tl_smith_hammer;tl_smith_tongs;tl_grinding_wheel;tl_file,горн,pr:repaired_iron_object,окалина;обломки,trained,hours,3,круглый год,вещь не подлежит сварке — ломается снова;при нагреве отпускается закалка лезвия,шов наварки виден;лезвие после починки мягкое,Заказы мастера часто состоят из починки (WK); поломанную вещь чаще перековывают в меньшую или меняют деталь.,,,claim:ordinary-life-craftsman-income-varies-with-orders;claim:final-practical-worn-fastening-or-covering-can-be-limited-repaired-replaced-or-deferred-conditionally,src:kolchin1959-iron;src:master-technology-v1,B,candidate,
pc_nonferrous_casting,Литьё цветного металла в каменную или глиняную форму,non-ferrous casting in stone or clay moulds,casting_jewelry,nonferrous_casting,ordinary_workshop,mt_copper;mt_bronze;mt_brass;mt_lead;mt_tin;mt_silver;mt_charcoal;mt_clay_refractory;mt_limestone;mt_slate_ovruch,tl_mould_stone;tl_mould_clay;tl_crucible;tl_crucible_tongs;tl_ladle_pouring;tl_bellows;tl_blowpipe;tl_file;tl_burnisher;tl_graver;tl_jeweler_scales;tl_carving_knife;tl_compass_divider,малый горн или очаг с углём и дутьём; тигель в угле,pr:cast_ornament,литники;брак литья;брызги металла;разбитые тигли и формы,master,day,5,круглый год,металл не заполнил форму;пористая отливка;треснула каменная форма;тигель лопнул,"недолив, раковины и пузыри;облой по шву створок;следы литника не зачищены","Нужны металл (привозной), тигель, форма и умение резать форму. Копия чужой вещи отливается по оттиску в глину — рельеф получается мягче и мельче оригинала (усадка, потеря деталей); это важно для подделок: решение о подлинности — у @rus/items-property.",@rus/items-property,,claim:casting-defective-casting;claim:casting-sprue;claim:casting-copper;claim:casting-bronze;claim:casting-brass;claim:casting-lead;claim:casting-tin;claim:casting-gold;claim:casting-casting-crucible;claim:casting-casting-mould;claim:casting-pouring-ladle;claim:population-joining-metal-melt;claim:metal-classes-composition,src:iaran-desyatinny;src:sedova1981-jewelry,A,candidate,Состав сплавов конкретной вещи не назначается (WK metal-classes-composition).
pc_lost_wax_casting,Литьё по восковой модели,lost-wax casting,casting_jewelry,nonferrous_casting,ordinary_workshop,mt_beeswax;mt_clay_refractory;mt_bronze;mt_silver;mt_charcoal,tl_carving_knife;tl_crucible;tl_crucible_tongs;tl_bellows;tl_file;tl_burnisher,прогрев формы для вытапливания воска; плавка в тигле,pr:cast_ornament,разбитая глиняная форма;литник,master,days,5,круглый год,воск не вытек полностью — пустоты;форма треснула при заливке,"пористость, недолив тонких частей",Даёт единичную отливку; форма разбивается. Модель можно снять оттиском с чужой вещи — тогда копия чуть меньше и мягче по рельефу.,@rus/items-property,,claim:casting-casting-mould;claim:population-joining-metal-melt;claim:population-material-clay-steam,src:sedova1981-jewelry;src:matcult-catalog-v1,B,candidate,Применение способа в Новгороде — по Седовой (через сводки); доля в производстве не выписана.
pc_wire_filigree,"Проволока, филигрань и зернь","wire drawing, filigree and granulation",casting_jewelry,sheet_wire_metal,ordinary_workshop,mt_silver;mt_copper;mt_charcoal,tl_draw_plate;tl_jeweler_pliers;tl_jeweler_hammer;tl_jeweler_anvil;tl_blowpipe;tl_crucible,малый огонь с паяльной трубкой для пайки,pr:filigree_ornament,проволочные концы;опилки драгметалла,specialist,days,4,круглый год,проволока рвётся при протяжке;припой растекается и заливает узор;зерно не припаялось,неравномерная толщина проволоки;залитые припоем ячейки,Узкая специальность ювелира; требует драгметалла и точного огня. Для 1230 г. тонкая филигрань — редкая элитная работа.,@rus/items-property,,claim:population-joining-metal-melt,src:sedova1981-jewelry;src:matcult-catalog-v1;src:master-technology-v1,C,candidate,Волочение и пайка в Новгороде — по сводкам; конкретный инструмент (волочильная доска) — реконструкция.
pc_sheet_embossing,Тиснение накладок по матрице,embossing sheet mounts over a die,casting_jewelry,jewelry_decoration,ordinary_workshop,mt_copper;mt_silver;mt_bronze;mt_lead,tl_embossing_die;tl_jeweler_hammer;tl_jeweler_anvil;tl_chasing_punch;tl_jeweler_pliers;tl_file,отжиг листа на малом огне,pr:embossed_mount,обрезки листа,master,hours,3,круглый год,лист прорвался;оттиск неполный,разрывы на выпуклостях;размытый рельеф,Матрица позволяет делать много одинаковых накладок; чужая матрица — прямой путь к копиям (подлинность решает @rus/items-property).,@rus/items-property,,claim:population-physics-load-deformation;claim:population-physics-stress-failure;claim:metal-classes-composition,src:matcult-catalog-v1;src:sedova1981-jewelry,B,candidate,
pc_lead_seal,Изготовление вислой свинцовой печати (буллы) на документе,making a lead bulla on a document,writing_seals,writing_bookmaking,dwelling_interior,mt_lead;mt_cordage;mt_charcoal,tl_seal_blank_mould;tl_crucible;tl_ladle_pouring;tl_bullotirion;tl_smith_hammer;tl_anvil,малый огонь для плавки свинца,pr:sealed_document,свинцовые брызги и обрезки,trained,hour,3,круглый год,оттиск смещён или неполный;шнур перебит при сжатии;заготовка треснула,двойной оттиск;смятые края;шнур не проходит через печать,"Сама операция проста, но подлинная печать возможна только тем буллотирием, чьи матрицы вырезаны для конкретного владельца; после смерти или смены должностного лица матрицы уничтожали. Подделка требует новой резной матрицы (работа торевта, pc_seal_matrix) или снятия оттиска с чужой печати — рельеф такой копии беднее. Подлинность и последствия решают @rus/items-property и @rus/social-law.",@rus/items-property;@rus/social-law,,claim:population-joining-metal-melt,src:iaran-bullotirion;src:kyy1985-applied,A,candidate,"Буллотирий XIV в.; для 1230 г. способ тот же (печати XIII в. массово), конкретный инструмент — аналогия."
pc_seal_matrix,Резьба матрицы печати (буллотирия) или клейма,engraving a seal matrix or stamp,writing_seals,jewelry_decoration,ordinary_workshop,mt_steel;mt_iron;mt_bronze,tl_graver;tl_chasing_punch;tl_file;tl_forge_hearth;tl_anvil;tl_smith_hammer;tl_compass_divider,ковка заготовки в горне; резьба холодная,pr:seal_matrix,металлическая стружка,specialist,days,3,круглый год,ошибка в зеркальной надписи;сорвавшийся резец испортил поле,надпись не зеркальна (на оттиске читается наоборот);неровные буквы,"Требует редкого мастера (торевта), знания письма и изображения владельца печати. Заказ матрицы для чужого имени — уже преступный умысел; решает @rus/social-law.",@rus/items-property;@rus/social-law,,claim:mb14-practical-iron-workability-is-qualitative-not-temperature;claim:population-joining-steel-quench,src:kyy1985-applied;src:iaran-bullotirion,B,candidate,Резьба «первоклассными художниками-торевтами» — сводка по Янину; инструменты гравёра не выписаны.
pc_tanning_bark,Кожевенное дело: выделка кожи растительным дублением,vegetable tanning of hides,leather,tanning_leather,ordinary_workshop,mt_hide_raw;mt_water;mt_lime;mt_wood_ash_lye;mt_bark_tanning;mt_tallow;mt_birch_tar;mt_sour_bread_kvas;mt_iron_black_dye,tl_liming_vat;tl_beam;tl_fleshing_knife;tl_leather_press;tl_drying_frame;tl_knife_utility,без огня; тёплая вода по надобности,mt_leather_veg,шерсть и волос в золе;мездра;обрезки шкуры;отработанная кора;вонючие стоки,master,months,8,мочка и золка — в тёплое время; зимой вода мёрзнет и работа замедляется; кору дерут весной-летом при сокодвижении,шкура загнила при мочке;волос не сходит — недозолено;кожа передублена и ломкая;кожа недублена и гниёт,ослизлые пятна и запах гнили;пятна волоса;кожа трескается на изгибе;непродубленная серая середина на срезе,"Долгий процесс (недели и месяцы) с чанами, водой и корой; кожевня пахнет и ставится у воды и на окраине усадьбы. Мгновенно кожу не получить: WK прямо говорит, что наличие кожаных вещей не подтверждает локального дубления.",,,claim:vegetable-tanning-prepared-hide;claim:vegetable-tanning-collagen-stabilization;claim:oil-fat-vegetable-leather-flexibility;claim:material-water-vegetable-leather-water;claim:leather-broad-context;claim:population-hide-leather-distinction;claim:static-wood-ash-water-can-produce-alkaline-runoff;claim:r201-lye-1;claim:streak01-wet-leather-drying,src:izumova1959-leather,B,candidate,"Порядок стадий и составы — по Изюмовой (через конспект), которая сама опирается на технологию XIX в. для реконструкции; сроки не приводятся."
pc_rawhide,Сыромять: промятая недублёная кожа,rawhide (syromyat) preparation,leather,tanning_leather,town_courtyard,mt_hide_raw;mt_water;mt_tallow,tl_beam;tl_fleshing_knife;tl_drying_frame;tl_leather_press,нет,mt_rawhide,волос;мездра,trained,weeks,3,тёплое время для мочки и сушки,пересохла и стала деревянной;загнила при мочке,"жёсткая, звенит, трескается;запах гнили","Проще дубления; даёт прочные ремни и поршни, но кожа боится воды (разбухает, затем усыхает).",,,claim:material-water-rawhide-wet-dry;claim:oil-rawhide-moisture-resistance,src:izumova1959-leather,B,candidate,
pc_shoemaking,Шитьё кожаной обуви по колодке (выворотный способ),turnshoe making on a last,shoemaking,footwear_repair,ordinary_workshop,mt_leather_veg;mt_flax;mt_beeswax;mt_birch_bark,tl_last;tl_shoe_knife;tl_awl;tl_leather_needle;tl_wax_block;tl_stamp_leather,нет,pr:leather_footwear,обрезки кожи;изношенные подошвы (при починке),trained,day,4,круглый год,детали скроены не по мерке;шов разошёлся;кожа лопнула при выворачивании,обувь давит или болтается;рвутся проколы;перекошенный задник,"При наличии выделанной кожи, колодки и навыка — дни работы. Сапоги с жёстким задником и многослойной подошвой сложнее мягких туфель и поршней.",,,claim:population-shoe-input;claim:population-shoe-output;claim:population-shoe-form;claim:practical-leather-cut;claim:practical-leather-stitch;claim:research-failure-of-stitched-leather-join-can-separate-components,src:izumova1959-leather,A,candidate,"Швы: выворотный, тачной, наружный; задник подкреплён кожей, берестой или лубом (Изюмова через конспект)."
pc_shoe_repair,Починка обуви,shoe repair,shoemaking,footwear_repair,ordinary_workshop,pr:worn_footwear;mt_leather_veg;mt_flax,tl_awl;tl_leather_needle;tl_shoe_knife;tl_last,нет,pr:leather_footwear,старые подошвы и заплаты,trained,hours,2,круглый год,гнилая кожа не держит шов,заплата отходит,Обычный заказ сапожника; изношенные подошвы и заплатки — массовая находка.,,,claim:practical-leather-patch;claim:practical-leather-shoe;claim:ordinary-life-shoes-protect-feet,src:izumova1959-leather,A,candidate,
pc_flax_fibre,Подготовка льняного (конопляного) волокна,flax and hemp fibre preparation,textile_fibre,fiber_preparation,peasant_homestead,pr:flax_stems;mt_water,tl_flax_brake;tl_scutcher;tl_hackle,сушка снопов в овине или на солнце,mt_flax,кострика;очёсы (пакля);гнилая вода мочила,household,weeks,5,теребление — конец лета; мочка — конец лета или осень (стлище — росяная мочка на лугу); мятьё и трепание — осень и зима,перемочка — волокно слабое;недомочка — кострика не отделяется,волокно рвётся в руках;в кудели много кострики,"Домашняя работа всей семьи; сроки задаёт сезон и погода, а не навык. Конопля идёт тем же путём и даёт пеньку и паклю.",,,claim:fibre-flax-breaker-shive;claim:fibre-hackle-removes-shive;claim:macro-b19-flax-retting-is-a-progressive-separation-process-that-needs-condition-assessment;claim:agriculture-fauna-hemp-stem-fibre;claim:agriculture-fauna-hemp-processing-tow,src:izumova1959-leather;src:ethno-analogy,B,candidate,Сезонность — севернорусская этнография (C); орудия — WK (B).
pc_spinning,Прядение на веретене,spindle spinning,spinning,spinning,dwelling_interior,mt_flax;mt_wool;mt_hemp,tl_distaff;tl_spindle;tl_spindle_whorl;tl_reel,нет,pr:yarn,обрывки нити,household,weeks,3,"основная пора — осень и зима, долгие вечера","нить неровная, рвётся;перекрут",утолщения и слабины на нити;нить закручивается петлями,Женская домашняя работа; навык массовый. Скорость низкая: на полотно нужны недели прядения.,,,claim:practical-textile-spin;claim:household-spindle-whorl,src:matcult-catalog-v1;src:ethno-analogy,B,candidate,Колёсная прялка не используется (denylist dl_spinning_wheel).
pc_weaving,Ткачество полотна и сукна,weaving cloth,weaving,weaving,dwelling_interior,pr:yarn,tl_loom;tl_shuttle;tl_weaving_sword;tl_reed_comb;tl_loom_weight;tl_shears,нет,pr:woven_cloth,концы основы;обрывки нитей,trained,weeks,4,зима и весна до полевых работ,неравное натяжение основы;обрыв нитей;перекос полотна,волнистая кромка;пропуски переплетения;рыхлые и плотные полосы,"Нужен стан, место и запас пряжи; работу можно прерывать, оставляя основу на стане. Узорное и тонкое сукно — работа мастерицы или привоз.",,,claim:population-processes-weaving-thread;claim:population-processes-weaving-device;claim:population-processes-weaving-textile;claim:population-weaving-practice;claim:macro-b19-uneven-warp-tension-is-a-condition-to-diagnose-before-controlled-adjustment;claim:practical-textile-weave;claim:ordinary-life-weaver-needs-yarn-and-loom-space,src:matcult-catalog-v1,A,candidate,Тип стана (горизонтальный/вертикальный) задаётся контекстом; WK — реконструкция горизонтального по деталям.
pc_textile_dyeing,Крашение пряжи или ткани,dyeing yarn or cloth,dyeing,textile_finish_dye,town_courtyard,pr:woven_cloth;mt_textile_dyes;mt_water;mt_firewood;mt_wood_ash_lye,tl_dye_pot;tl_bucket,нагрев красильной ванны на костре или очаге,pr:dyed_cloth,отработанная ванна;окрашенная вода,trained,days,4,растительное сырьё — по сезону сбора; работа в тёплое время на дворе,пятнистая окраска;краска смывается;шерсть испорчена щёлоком,пятна и полосы;линяет при стирке;свалявшаяся ломкая шерсть,"Простые растительные цвета — домашняя работа; синий индиго и красный лак-дай — привозные и дорогие, в 1230 г. это элитный цвет.",,,claim:textile-dye-application;claim:textile-dye-mordant-fixation;claim:place-dye-bath-to-fibre-transfer-can-change-with-process-conditions;claim:place-dye-textile-preparation-can-affect-uptake-evenness;claim:place-dye-moving-submerged-textile-can-support-even-contact;claim:static-wool-is-sensitive-to-alkaline-cleaning-conditions;claim:textile-indigo-yellow-analysis;claim:textile-lac-dye-analysis,src:kyy1985-applied,B,candidate,Протравы и рецептуры не задаются.
pc_felting,Валяние войлока,felting wool,textile_fibre,textile_finish_dye,dwelling_interior,mt_wool;mt_water,tl_bucket;tl_mallet,горячая вода,mt_felt,клочья шерсти,household,days,2,после стрижки овец; работа в тепле,"войлок рыхлый, рвётся;неравная толщина",просвечивающие тонкие места,Домашняя работа при наличии шерсти и горячей воды.,,,claim:static-wool-moisture-heat-mechanical-action-can-felt;claim:population-felt-lining,src:ethno-analogy,C,candidate,Способ — аналогия; войлочные стельки засвидетельствованы (WK).
pc_pottery_wheel,Гончарное дело: круговая посуда и обжиг,wheel-thrown pottery and firing,pottery,pottery_forming,ordinary_workshop,mt_clay;mt_temper;mt_water;mt_firewood,tl_spade;tl_clay_trough;tl_potter_wheel;tl_potter_paddle;tl_pottery_stamp;tl_drying_shelf;tl_kiln,дровяной обжиг в горне (или в яме/очаге для простых сосудов) с постепенным подъёмом жара,pr:ceramic_pot,черепки брака;пережжённые и деформированные сосуды;зола,master,weeks,6,копка глины — в талую пору; сушка и обжиг — в тёплое сухое время; зимой глина мёрзнет,сосуд треснул при сушке;разрыв паром при быстром обжиге;недожог — сосуд размокает;деформация на круге,"трещины от края или дна;вздутия и отколы;мягкий, пачкающий черепок;кривые стенки","Нужны пригодная глина (проверяется руками), отощитель, круг, сушка и горн с топливом. Сосуды сушат постепенно и обжигают этапами. Простой лепной горшок — доступен и неумелому, но с большим браком.",,,claim:ceramic-novgorod-wheel;claim:pottery-handmade-local-clay;claim:pottery-handmade-temper;claim:macro-b19-wet-surface-mud-is-not-by-itself-evidence-of-workable-pottery-clay;claim:population-material-clay-plasticity;claim:population-material-clay-steam;claim:population-material-clay-quartz;claim:mb14-practical-clay-firing-needs-gradual-observation;claim:clay-firing-structural-transformation;claim:clay-fired-no-replasticization;claim:clay-dried-replasticization,src:novgorod-museum-ceramics;src:matcult-catalog-v1,B,candidate,Устройство горна для Новгорода XIII в. не выписано.
pc_bone_comb,Косторезное дело: составной гребень из рога и кости,composite antler comb making,bone,bone_antler_horn,ordinary_workshop,mt_antler;mt_bone;mt_water;mt_bronze;mt_iron,tl_saw_bone;tl_bone_knife;tl_file;tl_bow_drill;tl_compass_divider;tl_bone_rivets;tl_whetstone,распаривание в горячей воде,pr:bone_comb,отпиленные основания рога;опилки;пластины-заготовки;брак,master,days,4,сброшенный лосиный рог — зима и весна; работа круглый год,пластина треснула;зубья сломаны при нарезке,трещины вдоль волокна;неровные зубья,"Нужны рог или кость, пилки, напильники, сверло и заклёпки. Простые изделия (проколки, пряслица, рукояти) — проще гребня.",,,claim:foundations-physical-material3-01-antler-osseous-not-horn;claim:foundations-physical-material3-03-antler-water-workability;claim:foundations-physical-material3-04-osseous-shaping-operations;claim:work-waste-context,src:smirnova1998-bone;src:kyy1985-applied,C,candidate,Отходы костереза — A (Смирнова); последовательность операций — реконструкция.
pc_bone_skate,Костяной конёк,bone skate,bone,bone_antler_horn,town_courtyard,mt_bone;mt_leather_veg,tl_axe_household;tl_bone_knife;tl_bow_drill,нет,pr:bone_skate,костные обрубки,household,hours,2,делают к зиме,кость раскололась,трещина вдоль кости,Простая домашняя работа из лошадиной или коровьей кости.,,,claim:population-processes-bone-skate-input;claim:population-processes-bone-skate-output;claim:settlement-skate-bone;claim:settlement-skate-footwear,src:matcult-catalog-v1,A,candidate,
pc_glass_bracelet,Стеклянные браслеты и бусы из готового стекла,glass bracelets and beads from glass stock,glass,glass_bead_reworking,ordinary_workshop,mt_glass;mt_charcoal,tl_glass_crucible;tl_glass_tongs;tl_bellows,горн с углём и дутьём до размягчения стекла,pr:glass_bracelet,капли и нити стекла;битые браслеты,specialist,day,3,круглый год,браслет лопнул при остывании;стекло не спаялось в кольцо,трещина по спаю;пузыри,Редкая специальность; первичную варку стекла в каждом дворе не предполагать. Браслеты носили городские женщины с 1130-х до начала XIV в.,,,claim:population-glass-cooling;claim:foundations-mat-09-glass-brittle-thermal-stress,src:shchapova1972-glass;src:kyy1985-applied,C,candidate,Техника навивки и спайки — реконструкция.
pc_birch_tar,Дёготь: сухая перегонка бересты,birch-bark tar by dry distillation,tar_charcoal,fuel_charcoal_fire,forest_edge,mt_birch_bark;mt_firewood;mt_clay,tl_tar_pots;tl_knife_utility;tl_basket_bark;tl_spade,костёр вокруг закрытой корчаги; нагрев бересты без доступа воздуха,mt_birch_tar,уголь бересты;разбитые корчаги;зола;запах дёгтя на месте,trained,days,4,бересту снимают в пору сокодвижения (конец весны — начало лета); гонят в сухую погоду,в корчагу попал воздух — береста сгорела;корчага лопнула;дёготь пригорел,пустой сборник и пепел вместо угля бересты;густой пригорелый продукт с сажей,Реалистично для обученного крестьянина при корчагах и бересте; горшки с дёгтем найдены в Новгороде. Главный риск — пожар и ожоги.,,,claim:place-thermal-birch-tar-can-link-heated-bark-and-a-separate-collection-path;claim:place-thermal-birch-tar-method-choice-can-change-oxygen-and-collection-conditions;claim:household-tar-pot;claim:population-material-wood-pyrolysis,src:talanin-degot,C,candidate,Способ (две корчаги или корчага над ямой) — аналогия XIX–XX вв.; выход не переносится.
pc_pine_pitch,Смолокурение и варка пека,pine tar and pitch boiling,tar_charcoal,fuel_charcoal_fire,conifer_woodland,mt_pine_resin;mt_wood_pine;mt_firewood,tl_axe_household;tl_knife_utility;tl_pitch_pot;tl_charcoal_pit,медленный нагрев смолистой древесины в яме или котле,mt_pine_pitch,смольё-уголь;копоть,trained,weeks,3,подсочка — лето; курение — сухая пора,смола загорелась;пек пережжён и ломок,пламя из котла;крошащийся пек,Смола сосны определена на новгородских лодках; способ промышленного смолокурения для 1230 г. не засвидетельствован — только аналогия.,,,claim:construction-pine-resin-surfaces;claim:macro-b20-heated-pitch-is-a-burn-and-fume-exposure-hazard-that-needs-cautious-handling;claim:pine-pitch-severe-oxidation,src:ethno-analogy;src:dubrovin2000-transport,C,candidate,
pc_charcoal_pit,Ямное углежжение,pit charcoal burning,tar_charcoal,fuel_charcoal_fire,forest_edge,mt_firewood;mt_wood_generic,tl_axe_household;tl_spade;tl_charcoal_pit,"частичное горение при ограниченном воздухе, затем закрытие отверстий",mt_charcoal,зола;недожог (головни);выжженная земля,trained,days,4,сухое время года; зимой заготовка дров,дрова сгорели дотла;недожог,много золы и мало угля;бурые недожжённые головни,"Колчин реконструирует ямное углежжение как вероятную форму. Нужны лес, яма, земля для укрытия и надзор.",,,claim:fuel-pit-charcoal-burning-form;claim:fuel-pit-charcoal-burning-wood-input;claim:fuel-pit-charcoal-burning-air-sequence;claim:fuel-pit-charcoal-burning-air-control;claim:fuel-pit-charcoal-burning-charcoal-output;claim:population-material-wood-pyrolysis,src:kolchin1953-metallurgy,A,candidate,
pc_log_building,Рубка сруба (плотницкое дело),log-house construction,carpentry,log_building,town_courtyard,mt_wood_pine;mt_wood_spruce;mt_hemp;mt_moss;mt_birch_bark,tl_axe_carpenter;tl_adze;tl_chisel;tl_auger_spoon;tl_wedge;tl_mallet;tl_marking_cord;tl_plumb_line;tl_saw,нет,pr:log_frame,щепа;обрубки;кора;стружка,master,weeks,4,"лес рубят зимой (меньше сока, по снегу вывозят); рубка сруба — с весны до осени",венцы не прилегают — щели;перекос сруба;гнилое бревно в нижнем венце,свет в пазах;сруб «повело»;мягкая труха в нижних венцах,"Артель плотников за недели; одиночке — только малая постройка. Нужны брёвна, топоры, разметка. Подробности постройки — у buildings_structures.",,,claim:ordinary-life-carpenter-works-wood-with-tools;claim:agriculture-fauna-tow-log-gaps;claim:population-material-wood-loading;claim:reality-batch-01-wooden-joinery-can-be-unloaded-before-adjustment;claim:urban-wooden-coverings,src:kolchin1957-city;src:kolchin1959-iron,B,candidate,Мох в пазах — кандидат (master); пакля — WK.
pc_board_hewing,Раскол бревна и тёска досок и плах,splitting and hewing boards,carpentry,wood_splitting_hewing,town_courtyard,mt_wood_pine;mt_wood_oak,tl_wedge;tl_mallet;tl_axe_carpenter;tl_adze;tl_workhorse,нет,pr:hewn_board,щепа;горбыль,trained,day,3,свежесрубленный лес колется легче,трещина ушла в сторону — плаха короткая или кривая,винтовой раскол;сучковатая плаха,Основной способ получать доски (механической распиловки нет); выход зависит от прямослойности бревна.,,,claim:mb14-practical-wet-wood-splitting-needs-grain-and-restraint;claim:foundations-mat-01-wood-knot-strength-bonding;claim:population-material-wood-loading,src:master-technology-v1;src:kolchin1957-city,B,candidate,
pc_plank_boat,Постройка дощатой речной лодки,building a plank river boat,boatbuilding,boat_shipbuilding,riverbank,pr:hewn_board;mt_wood_oak;mt_wood_pine;mt_iron;mt_hemp;mt_pine_resin;mt_pine_pitch;mt_bast_linden;mt_animal_glue,tl_axe_carpenter;tl_adze_boat;tl_auger_spoon;tl_chisel;tl_caulking_iron;tl_pitch_pot;tl_boat_stocks;tl_mallet,разогрев смолы и пека; распаривание досок для гибки,pr:plank_boat,щепа;обрезки досок;капли смолы;пакля,master,weeks,5,строят на берегу в тёплое время; спуск — по высокой воде,течь по швам;доска треснула при гибке;корпус перекошен,мокрые пятна и струйки внутри;треск и поводка обшивки,"Работа лодейного мастера с помощниками за недели; в одиночку нереально. Нужны прямослойные доски, крепёж (деревянные нагели, железные гвозди и скобы), пакля и смола.",,,claim:construction-wooden-nail-planking;claim:construction-wooden-peg-vessel-joint;claim:construction-forged-iron-nail-vessel-joint;claim:construction-tarred-tow-caulking;claim:construction-iron-clamp-caulking;claim:construction-bast-vessel-fastening;claim:construction-pine-resin-surfaces;claim:construction-animal-glue-pegged-planks;claim:construction-aspen-cladding-joint;claim:macro-b20-steam-softened-wood-needs-restraint-and-controlled-drying-to-retain-a-bend;claim:population-wood-boat,src:dubrovin2000-transport,B,candidate,Конструктивные приёмы засвидетельствованы на лодке № 1 начала XI в. и судне XII в.; общий порядок сборки — реконструкция.
pc_dugout_boat,Долблёная лодка-однодеревка,dugout canoe,boatbuilding,boat_shipbuilding,riverbank,mt_wood_aspen;mt_wood_pine,tl_axe_carpenter;tl_adze_boat;tl_auger_spoon;tl_chisel,иногда распаривание для развода бортов (аналогия),pr:dugout_boat,крупная щепа,master,weeks,2,"ствол валят зимой, долбят весной-летом",пробитое дно;трещина по ядру,неравная толщина бортов;сквозная трещина,Нужен толстый прямой ствол; долбят топором и теслом. Контрольные сверлёные отверстия для толщины — аналогия.,,,claim:population-wood-boat,src:dubrovin2000-transport;src:ethno-analogy,C,candidate,"Однодеревки в Новгороде — по Дубровину (класс), способ — аналогия."
pc_boat_repair,Ремонт речного судна,boat repair,boatbuilding,boat_shipbuilding,river_wharf,pr:damaged_boat;pr:hewn_board;mt_hemp;mt_pine_pitch;mt_iron,tl_adze_boat;tl_auger_spoon;tl_caulking_iron;tl_pitch_pot;tl_mallet,разогрев пека,pr:plank_boat,старая пакля;гнилые доски,trained,days,3,в тёплое сухое время на берегу; зимой лодки лежат,течь не найдена;новая доска не встала,сырость внутри после спуска,Обычная работа у пристани; железные скобы для ремонта судов найдены в прибрежном раскопе.,,,claim:household-boat-repair-clamp;claim:final-practical-wet-wooden-hull-or-boat-seam-needs-local-inspection-before-repair-or-travel;claim:final-practical-wet-gear-and-hull-care-compete-for-space-time-and-dry-work-area,src:dubrovin2000-transport,A,candidate,
pc_wood_turning,Точение деревянной посуды,wood turning of vessels,woodworking_fine,wood_turning_carving,ordinary_workshop,mt_wood_birch;mt_wood_maple,tl_axe_carpenter;tl_adze;tl_lathe;tl_turning_hook;tl_gouge;tl_carving_knife,нет,pr:turned_vessel,стружка;огрызки-центры;треснувшие заготовки,master,days,3,заготовки из сырой древесины сушат медленно,заготовка треснула при сушке;прорезано дно,радиальные трещины;дыра в дне,Нужен станок и токарь; 25+ типов точёной посуды XII в. Простые ложки и ковши — резьбой без станка (household).,,,claim:household-wooden-tableware;claim:household-utensil-wood;claim:work-waste-context;wk:craft_technology:woodworked-objects-and-waste,src:kolchin1957-city;src:kolchin1968-wood,B,candidate,
pc_cooperage,"Бондарное дело: клёпаная кадь, ведро, бочонок",cooperage,cooperage,cooperage_wooden_vessels,ordinary_workshop,mt_wood_oak;mt_wood_pine;mt_wood_willow,tl_axe_carpenter;tl_drawknife;tl_cooper_croze;tl_mallet;tl_wedge;tl_workhorse,иногда прогрев для гибки клёпок (аналогия),pr:stave_vessel,стружка;бракованные клёпки,master,days,3,круглый год,течь по стыкам;обруч лопнул,мокрые полосы по стыкам клёпок,Бондарные скобели и пазники — в перечне инструментов (Колчин 1957); деревянные обручи из ивы или других прутьев.,,,claim:household-utensil-wood,src:kolchin1957-city;src:matcult-catalog-v1,B,candidate,
pc_net_making,Вязание и оснастка рыболовной сети,net making and rigging,fishing,rope_net_mat,fishing_camp,mt_hemp;mt_flax;mt_birch_bark;mt_bark_pine;mt_wood_generic;mt_fieldstone;mt_cordage;mt_bast_linden,tl_netting_needle;tl_carving_knife;tl_awl;tl_net_float;tl_net_sinker,нет,pr:fishing_net,обрывки нити;старые поплавки,trained,weeks,4,вяжут и чинят зимой и в межсезонье; сушат после каждого лова,неровная ячея;узлы расползаются;сеть гниёт от сырости,разная ячея по полотну;дыры;тёмные прелые участки,"Вязание сети — долгая работа; поплавки и грузила делают сами, часто с знаками собственности (артельный лов).",,,claim:population-net-cord;claim:population-net-floats;claim:population-net-weights;claim:population-processes-hemp-net;claim:practical-net-repair;claim:practical-net-dry;claim:final-practical-wet-netting-and-cordage-can-need-inspection-drying-and-repair-before-reuse,src:rybina2015-promysly,A,candidate,
pc_bark_float,Плоский берестяной поплавок со знаком собственности,flat birch-bark net float with owner mark,fishing,bark_birch_work,fishing_camp,mt_birch_bark;mt_bast_linden,tl_carving_knife;tl_awl,нет,pr:net_float,обрезки бересты,household,hour,3,берёста лучше снимается летом,слои расслоились,расползающийся шов,"Нужны острый нож и инструмент для отверстий; знак (рисунок, буквы, надпись) вырезают или процарапывают на одной или обеих сторонах.",@rus/items-property,,claim:population-bark-input;claim:population-bark-cut;claim:population-bark-pierce;claim:population-bark-bast,src:rybina2015-promysly,A,candidate,"Размер ~10×12 см, отверстие в 1–2 см от края."
pc_fish_trap,Плетение верши,weaving a wicker fish trap,fishing,rope_net_mat,riverbank,mt_wood_willow;mt_bast_linden;mt_water,tl_knife_utility;tl_billhook,нет,pr:fish_trap,обрезки прута,household,day,2,прут режут поздней осенью или ранней весной; сухой прут вымачивают,прут ломается при гибке,трещины на изгибах,Простая крестьянская работа; верша названа в грамоте № 248.,,,claim:final-static-b01-willow-selection;claim:final-static-b01-willow-preparation;claim:final-static-b01-willow-limits;claim:macro-b19-dried-willow-rods-can-be-moistened-for-flexible-basket-work;claim:population-rod-input;claim:population-rod-cord,src:rybina2015-promysly;src:ethno-analogy,B,candidate,
pc_self_bow,Охотничий лук из цельного ясеня и стрелы,ash self bow and wooden arrows,hunting,wood_turning_carving,town_courtyard,mt_wood_ash;mt_wood_pine;mt_cordage;mt_bone,tl_axe_household;tl_drawknife;tl_carving_knife;tl_bow_drill,нет (сушка заготовки),pr:hunting_bow,стружка,trained,weeks,3,заготовку рубят зимой и сушат,плечо треснуло при натяге;лук «сел» (потерял силу),трещины на спинке;плечи не возвращаются в форму,"Простой охотничий лук (87 см, второй четверти XIII в.) реалистичен для охотника. Боевой сложносоставной лук — специалист и привоз; права на оружие — weapons_armour.",,,claim:agriculture-fauna-ash-hunting-bow;claim:population-material-wood-loading,src:rybina2015-promysly,B,candidate,Порядок работ — реконструкция; форма лука и стрел — A.
pc_birchbark_letter,Письмо на бересте,writing a birch-bark letter,writing_seals,writing_bookmaking,dwelling_interior,mt_birch_bark;mt_water,tl_knife_utility;tl_stylus,иногда проваривание бересты для мягкости (аналогия),pr:birchbark_letter,обрезки бересты;испорченные листы,trained,minutes,2,круглый год,береста расслоилась;ошибка в тексте,"зачёркивания, прорезы","Грамотность в Новгороде 1230 г. широко распространена среди горожан; писало и береста — дешёвые. Содержание текста (имена, долги, даты) задаётся пулами кода, не LLM; подлинность и сила документа — @rus/social-law.",@rus/social-law,,claim:gramota-73-debt-record,src:kyy1985-applied;src:rybina2015-promysly,A,candidate,
pc_ownership_mark,Нанесение знака собственности или надписи на вещь,marking ownership signs or inscriptions on objects,writing_seals,repair_reuse_recycling,town_courtyard,pr:unmarked_object,tl_carving_knife;tl_stylus;tl_awl,нет,pr:marked_object,стружка,household,minutes,1,круглый год,знак нечитаем,свежие края прорези отличаются по цвету от старой поверхности,"Знаки и надписи вырезают или процарапывают на поплавках, пряслицах, бирках, деревянных цилиндрах-замках. Свежая переделка чужого знака заметна по свежим краям и цвету прорези. Какие знаки и тексты бывают — пулы item_marks_text_pools; чья вещь — @rus/items-property.",@rus/items-property,,claim:work-waste-context,src:rybina2015-promysly;src:kyy1985-applied,B,candidate,Признак свежести прорези — наблюдение общего характера (C).
pc_lime_burning,Обжиг и гашение извести,lime burning and slaking,masonry,lime_mortar_plaster,town_courtyard,mt_limestone;mt_firewood;mt_water;mt_quartz_sand,tl_kiln;tl_spade;tl_bucket;tl_clay_trough,длительный сильный обжиг известняка,pr:lime_mortar,недожог;зола,specialist,weeks,3,строительный сезон; свежая известковая работа боится мороза и дождя,недожог — камень не гасится;ожоги при гашении,твёрдые куски в тесте;раствор осыпается,"Нужна для каменных церквей и штукатурки (Георгиевский собор XII в.); не для обычной избы. Гашение опасно (жар, едкость).",,,claim:lime-transformations;claim:static-nonhydraulic-lime-can-harden-by-carbonation;claim:streak01-lime-weather;claim:streak01-wet-lime-contact;claim:pigment-lime-plaster,src:kyy1985-applied,C,candidate,Устройство известеобжигательной печи для Новгорода XIII в. не выписано.
pc_wax_candle,Восковая свеча из пластины,rolled wax candle,wax,writing_bookmaking,monastery_yard,pr:honeycomb;mt_beeswax;mt_flax;mt_water;mt_firewood,tl_dye_pot;tl_knife_utility,мягкий нагрев воска на воде,pr:wax_candle,вытопки (мерва),trained,hours,3,"воск — после выемки мёда (конец лета, осень)",воск перегрелся и потемнел;свеча коптит — фитиль толстый,тёмный воск с запахом гари;коптящее пламя,Воск — ценный товар (экспорт Новгорода); свечи нужны церкви. Гнёздовский способ — свёрнутая пластина с фитилём из крученых нитей.,,,claim:r7-gentle-warming-of-beeswax-comb-can-separate-some-liquid-wax-from-coarse-debris;claim:candle-rolled-plate;claim:candle-wax-material;claim:candle-thread-wick;claim:trade-economy-wax-lot-quality-can-use-observable-purity-colour-and-sample-limits,src:rybina2015-promysly,B,candidate,Способ по Гнёздову X в. — ранний древнерусский аналог.
pc_timber_felling,Валка леса и вывоз брёвен,timber felling and hauling,carpentry,timber_felling_conversion,conifer_woodland,mt_wood_pine;mt_wood_spruce,tl_axe_carpenter;tl_axe_household;tl_wedge;tl_rope_coil;tl_drawknife,нет,pr:log,сучья;вершины;кора;пни,trained,days,3,"зимой: меньше сока, по снегу брёвна вывозят на санях; весной дороги непроезжи",дерево упало не туда;зажим топора;ствол треснул при падении,расщеп комля;трещины по стволу,"Нужны топор, помощники и право рубить в этом лесу (угодья — social-law). Одно бревно одиночке посильно, сруб — артели.",,,claim:population-material-wood-loading;claim:structural-and-object-wood;claim:transport-sledge-summer-cargo,src:kolchin1957-city;src:ethno-analogy,C,candidate,Зимняя рубка — этнографическая норма; для 1230 г. прямо не засвидетельствована.
pc_street_paving,Устройство и ремонт деревянной мостовой,laying and repairing a timber street pavement,carpentry,roads_bridges_waterfront,town_street,pr:log;pr:hewn_board,tl_axe_carpenter;tl_adze;tl_wedge;tl_mallet;tl_spade,нет,pr:street_pavement,старые плахи;щепа;грязь,trained,weeks,2,"тёплое время; весной мостовые подмывает, и они проседают",плахи расходятся;проседание над гнилыми лагами,"щели и провалы, хлюпающая грязь",Общественная работа улицы или конца; частному лицу — только малый ремонт у своего двора. Новые ярусы клали поверх старых.,,,claim:urban-pavements;claim:novgorod-wooden-urban-elements;claim:urban-wooden-coverings,src:master-technology-v1,B,candidate,"Способ (лаги вдоль, плахи поперёк) — общеизвестная новгородская археология; выборка из отчётов не делалась."
pc_sledge_making,Изготовление саней и полозьев,sledge making,carpentry,cart_sledge_wheel,town_courtyard,mt_wood_birch;mt_wood_oak;mt_bast_linden;mt_rawhide,tl_axe_carpenter;tl_adze;tl_drawknife;tl_auger_spoon;tl_chisel;tl_mallet,распаривание для гибки полозьев (аналогия),pr:sledge,стружка;щепа,trained,days,2,делают к зиме; сани ходят и летом с грузом,полоз треснул;соединения расшатались,трещина на загибе полоза;люфт копыльев,Сани делали из дерева (WK); соединение на нагелях и вязках; упряжь — transport_travel.,,,claim:population-wood-sledge;claim:transport-sledge-summer-cargo;claim:macro-b20-steam-softened-wood-needs-restraint-and-controlled-drying-to-retain-a-bend;claim:r401-wood-drying-can-loosen-wheel-fit,src:dubrovin2000-transport,C,candidate,Конструкция по Дубровину не выписана; шаги — реконструкция.
pc_sewing_mending,"Раскрой, шитьё и починка одежды","cutting, sewing and mending clothes",sewing,sewing_mending,dwelling_interior,pr:woven_cloth;pr:yarn,tl_shears;tl_sewing_needle;tl_knife_utility,нет,pr:garment,обрезки ткани;лоскуты,household,days,2,круглый год; больше зимой,ошибка раскроя — не хватает ткани;шов расходится,"перекос, короткие рукава;рвётся по шву","Домашняя работа; раскрой расходует ткань, обрезки идут на заплаты. Выкройка — у clothing.",,,claim:practical-textile-cut;claim:practical-textile-sew;claim:practical-textile-repair,src:matcult-catalog-v1,B,candidate,
pc_leather_goods,"Кожаные ножны, кошели и ремни","leather sheaths, pouches and belts",shoemaking,leather_cut_sew,ordinary_workshop,mt_leather_veg;mt_flax;mt_beeswax,tl_shoe_knife;tl_awl;tl_leather_needle;tl_wax_block;tl_stamp_leather,нет,pr:leather_small_goods,обрезки кожи,trained,hours,2,круглый год,ножны не по клинку;шов разошёлся,клинок болтается или не входит,"Ножны 15–21 см из одной сложенной полосы, с тиснением с XII в.; ремни 1,7–3,5 см (Изюмова через конспект).",,,claim:population-leather-case;claim:population-leather-straps;claim:practical-leather-cut;claim:practical-leather-stitch,src:izumova1959-leather,B,candidate,
proc_butcher_carcass,"Разделка туши зверя, птицы или скота",butchering an animal carcass,butchery,carcass_butchery,hunting_ground,pr:whole_carcass,tl_skinning_knife,нет,pr:raw_meat;mt_hide_raw;mt_bone;mt_tallow;mt_sinew_gut;mt_horn;pr:feathers_down,кровь;содержимое желудка и кишечника;загрязнённые и несъедобные ткани,household,hours,3,круглый год; в тепле свежая туша быстро портится,загрязнение мяса содержимым кишок;порез шкуры;потеря жира и сухожилий;затупленный нож замедляет работу,запах и загрязнение мяса;рваные края шкуры;оставленные на костях мясо и сухожилия,"Нужны уже существующая туша и режущий нож. Размер задаёт время и редакционные доли в butchery_profiles.csv; выдаются только продукты, разрешённые taxon/product-строкой.",,,claim:macro-gap-carcass-handling-can-separate-material-streams;claim:macro-gap-slaughter-needs-work-tools-and-place,claim:macro-gap-carcass-handling-can-separate-material-streams;claim:macro-gap-slaughter-needs-work-tools-and-place,C,candidate,"Справочная цепочка не создаёт тушу и не решает пригодность мяса. Выделка, копчение и засолка не входят. Численные доли и время — editorial profiles."
proc_clean_fish,Чистка и потрошение свежей рыбы,cleaning and gutting fresh fish,butchery,fish_cleaning,fishing_camp,pr:whole_fish,tl_knife_utility,нет,pr:gutted_fish,чешуя;жабры;внутренности;загрязнённая вода,household,minutes,2,круглый год; свежую рыбу обрабатывают без задержки,повреждение желчи или кишечника; потеря съедобной части; грязная рабочая поверхность; затупленный нож,раздавленные внутренности; загрязнение мяса; лишние глубокие надрезы; оставшиеся жабры и внутренности,Нужны уже существующая свежая рыба с food_ingredient_ref и режущий нож. Вид сохраняется по fish_cleaning_products.csv; общий выход не создаёт рыбу без видового продукта.,,,claim:macro-gap-carcass-handling-can-separate-material-streams,claim:macro-gap-carcass-handling-can-separate-material-streams,C,candidate,"Логическая цепочка сверена с MASTER food_system RCP0166 и material items FSH0002/FOD0010/FOD0012. Архив — черновой список D39, не исторический источник; 8–30 минут и точный набор отходов — реконструкция. Современное филе не подразумевается."
